[Flops]: ConvTranspose2d is not supported!
[Memory]: ConvTranspose2d is not supported!
[Flops]: Softmax is not supported!
[Memory]: Softmax is not supported!
                              module name   input shape  output shape       params memory(MB)              MAdd             Flops  MemRead(B)  MemWrite(B) duration[%]    MemR+W(B)
0                      MFN.r1.layers.conv     3 224 224    64 112 112       9472.0       3.06     236,027,904.0     118,816,768.0    640000.0    3211264.0       1.90%    3851264.0
1                        MFN.r1.layers.bn    64 112 112    64 112 112        128.0       3.06       3,211,264.0       1,605,632.0   3211776.0    3211264.0       0.16%    6423040.0
2                      MFN.r1.layers.ReLU    64 112 112    64 112 112          0.0       3.06         802,816.0         802,816.0   3211264.0    3211264.0       0.35%    6422528.0
3                          MFN.r2.maxpool    64 112 112    64  56  56          0.0       0.77       1,605,632.0         802,816.0   3211264.0     802816.0       0.75%    4014080.0
4            MFN.r2.layers.0.path1.0.conv    64  56  56    64  56  56       4160.0       0.77      25,690,112.0      13,045,760.0    819456.0     802816.0       0.41%    1622272.0
5              MFN.r2.layers.0.path1.0.bn    64  56  56    64  56  56        128.0       0.77         802,816.0         401,408.0    803328.0     802816.0       0.05%    1606144.0
6            MFN.r2.layers.0.path1.0.ReLU    64  56  56    64  56  56          0.0       0.77         200,704.0         200,704.0    802816.0     802816.0       0.10%    1605632.0
7            MFN.r2.layers.0.path1.1.conv    64  56  56    64  56  56      36928.0       0.77     231,211,008.0     115,806,208.0    950528.0     802816.0       0.76%    1753344.0
8              MFN.r2.layers.0.path1.1.bn    64  56  56    64  56  56        128.0       0.77         802,816.0         401,408.0    803328.0     802816.0       0.10%    1606144.0
9            MFN.r2.layers.0.path1.1.ReLU    64  56  56    64  56  56          0.0       0.77         200,704.0         200,704.0    802816.0     802816.0       0.10%    1605632.0
10           MFN.r2.layers.0.path1.2.conv    64  56  56   256  56  56      16640.0       3.06     102,760,448.0      52,183,040.0    869376.0    3211264.0       0.83%    4080640.0
11             MFN.r2.layers.0.path1.2.bn   256  56  56   256  56  56        512.0       3.06       3,211,264.0       1,605,632.0   3213312.0    3211264.0       0.07%    6424576.0
12           MFN.r2.layers.0.path1.2.ReLU     0   0   0     0   0   0          0.0       0.00               0.0               0.0         0.0          0.0       0.00%          0.0
13               MFN.r2.layers.0.CNN.conv    64  56  56   256  56  56      16640.0       3.06     102,760,448.0      52,183,040.0    869376.0    3211264.0       0.67%    4080640.0
14                 MFN.r2.layers.0.CNN.bn   256  56  56   256  56  56        512.0       3.06       3,211,264.0       1,605,632.0   3213312.0    3211264.0       0.22%    6424576.0
15               MFN.r2.layers.0.CNN.ReLU     0   0   0     0   0   0          0.0       0.00               0.0               0.0         0.0          0.0       0.00%          0.0
16                   MFN.r2.layers.0.ReLU   256  56  56   256  56  56          0.0       3.06         802,816.0         802,816.0   3211264.0    3211264.0       0.22%    6422528.0
17           MFN.r2.layers.1.path1.0.conv   256  56  56    64  56  56      16448.0       0.77     102,760,448.0      51,580,928.0   3277056.0     802816.0       0.46%    4079872.0
18             MFN.r2.layers.1.path1.0.bn    64  56  56    64  56  56        128.0       0.77         802,816.0         401,408.0    803328.0     802816.0       0.05%    1606144.0
19           MFN.r2.layers.1.path1.0.ReLU    64  56  56    64  56  56          0.0       0.77         200,704.0         200,704.0    802816.0     802816.0       0.03%    1605632.0
20           MFN.r2.layers.1.path1.1.conv    64  56  56    64  56  56      36928.0       0.77     231,211,008.0     115,806,208.0    950528.0     802816.0       0.42%    1753344.0
21             MFN.r2.layers.1.path1.1.bn    64  56  56    64  56  56        128.0       0.77         802,816.0         401,408.0    803328.0     802816.0       0.04%    1606144.0
22           MFN.r2.layers.1.path1.1.ReLU    64  56  56    64  56  56          0.0       0.77         200,704.0         200,704.0    802816.0     802816.0       0.03%    1605632.0
23           MFN.r2.layers.1.path1.2.conv    64  56  56   256  56  56      16640.0       3.06     102,760,448.0      52,183,040.0    869376.0    3211264.0       0.44%    4080640.0
24             MFN.r2.layers.1.path1.2.bn   256  56  56   256  56  56        512.0       3.06       3,211,264.0       1,605,632.0   3213312.0    3211264.0       0.06%    6424576.0
25           MFN.r2.layers.1.path1.2.ReLU     0   0   0     0   0   0          0.0       0.00               0.0               0.0         0.0          0.0       0.00%          0.0
26               MFN.r2.layers.1.CNN.conv   256  56  56   256  56  56      65792.0       3.06     411,041,792.0     206,323,712.0   3474432.0    3211264.0       1.30%    6685696.0
27                 MFN.r2.layers.1.CNN.bn   256  56  56   256  56  56        512.0       3.06       3,211,264.0       1,605,632.0   3213312.0    3211264.0       0.07%    6424576.0
28               MFN.r2.layers.1.CNN.ReLU     0   0   0     0   0   0          0.0       0.00               0.0               0.0         0.0          0.0       0.00%          0.0
29                   MFN.r2.layers.1.ReLU   256  56  56   256  56  56          0.0       3.06         802,816.0         802,816.0   3211264.0    3211264.0       0.19%    6422528.0
30           MFN.r2.layers.2.path1.0.conv   256  56  56    64  56  56      16448.0       0.77     102,760,448.0      51,580,928.0   3277056.0     802816.0       0.47%    4079872.0
31             MFN.r2.layers.2.path1.0.bn    64  56  56    64  56  56        128.0       0.77         802,816.0         401,408.0    803328.0     802816.0       0.05%    1606144.0
32           MFN.r2.layers.2.path1.0.ReLU    64  56  56    64  56  56          0.0       0.77         200,704.0         200,704.0    802816.0     802816.0       0.06%    1605632.0
33           MFN.r2.layers.2.path1.1.conv    64  56  56    64  56  56      36928.0       0.77     231,211,008.0     115,806,208.0    950528.0     802816.0       0.41%    1753344.0
34             MFN.r2.layers.2.path1.1.bn    64  56  56    64  56  56        128.0       0.77         802,816.0         401,408.0    803328.0     802816.0       0.06%    1606144.0
35           MFN.r2.layers.2.path1.1.ReLU    64  56  56    64  56  56          0.0       0.77         200,704.0         200,704.0    802816.0     802816.0       0.04%    1605632.0
36           MFN.r2.layers.2.path1.2.conv    64  56  56   256  56  56      16640.0       3.06     102,760,448.0      52,183,040.0    869376.0    3211264.0       0.28%    4080640.0
37             MFN.r2.layers.2.path1.2.bn   256  56  56   256  56  56        512.0       3.06       3,211,264.0       1,605,632.0   3213312.0    3211264.0       0.06%    6424576.0
38           MFN.r2.layers.2.path1.2.ReLU     0   0   0     0   0   0          0.0       0.00               0.0               0.0         0.0          0.0       0.00%          0.0
39               MFN.r2.layers.2.CNN.conv   256  56  56   256  56  56      65792.0       3.06     411,041,792.0     206,323,712.0   3474432.0    3211264.0       1.13%    6685696.0
40                 MFN.r2.layers.2.CNN.bn   256  56  56   256  56  56        512.0       3.06       3,211,264.0       1,605,632.0   3213312.0    3211264.0       0.07%    6424576.0
41               MFN.r2.layers.2.CNN.ReLU     0   0   0     0   0   0          0.0       0.00               0.0               0.0         0.0          0.0       0.00%          0.0
42                   MFN.r2.layers.2.ReLU   256  56  56   256  56  56          0.0       3.06         802,816.0         802,816.0   3211264.0    3211264.0       0.20%    6422528.0
43                           MFN.r2Conv.0   256  56  56   256  28  28     590080.0       0.77     924,844,032.0     462,622,720.0   5571584.0     802816.0       1.78%    6374400.0
44                           MFN.r2Conv.1   256  28  28   256  14  14     590080.0       0.19     231,211,008.0     115,655,680.0   3163136.0     200704.0       0.82%    3363840.0
45                           MFN.r2Conv.2   256  14  14   256  14  14      65792.0       0.19      25,690,112.0      12,895,232.0    463872.0     200704.0       0.32%     664576.0
46       MFN.r3.Layer_BTNK01.path1.0.conv   256  56  56   128  28  28      32896.0       0.38      51,380,224.0      25,790,464.0   3342848.0     401408.0       0.56%    3744256.0
47         MFN.r3.Layer_BTNK01.path1.0.bn   128  28  28   128  28  28        256.0       0.38         401,408.0         200,704.0    402432.0     401408.0       0.05%     803840.0
48       MFN.r3.Layer_BTNK01.path1.0.ReLU   128  28  28   128  28  28          0.0       0.38         100,352.0         100,352.0    401408.0     401408.0       0.04%     802816.0
49       MFN.r3.Layer_BTNK01.path1.1.conv   128  28  28   128  28  28     147584.0       0.38     231,211,008.0     115,705,856.0    991744.0     401408.0       0.67%    1393152.0
50         MFN.r3.Layer_BTNK01.path1.1.bn   128  28  28   128  28  28        256.0       0.38         401,408.0         200,704.0    402432.0     401408.0       0.04%     803840.0
51       MFN.r3.Layer_BTNK01.path1.1.ReLU   128  28  28   128  28  28          0.0       0.38         100,352.0         100,352.0    401408.0     401408.0       0.04%     802816.0
52       MFN.r3.Layer_BTNK01.path1.2.conv   128  28  28   512  28  28      66048.0       1.53     102,760,448.0      51,781,632.0    665600.0    1605632.0       0.42%    2271232.0
53         MFN.r3.Layer_BTNK01.path1.2.bn   512  28  28   512  28  28       1024.0       1.53       1,605,632.0         802,816.0   1609728.0    1605632.0       0.09%    3215360.0
54       MFN.r3.Layer_BTNK01.path1.2.ReLU     0   0   0     0   0   0          0.0       0.00               0.0               0.0         0.0          0.0       0.00%          0.0
55           MFN.r3.Layer_BTNK01.CNN.conv   256  56  56   512  28  28     131584.0       1.53     205,520,896.0     103,161,856.0   3737600.0    1605632.0       0.71%    5343232.0
56             MFN.r3.Layer_BTNK01.CNN.bn   512  28  28   512  28  28       1024.0       1.53       1,605,632.0         802,816.0   1609728.0    1605632.0       0.08%    3215360.0
57           MFN.r3.Layer_BTNK01.CNN.ReLU     0   0   0     0   0   0          0.0       0.00               0.0               0.0         0.0          0.0       0.00%          0.0
58               MFN.r3.Layer_BTNK01.ReLU   512  28  28   512  28  28          0.0       1.53         401,408.0         401,408.0   1605632.0    1605632.0       0.10%    3211264.0
59     MFN.r3.Layer_BTNK02.0.path1.0.conv   512  28  28   128  28  28      65664.0       0.38     102,760,448.0      51,480,576.0   1868288.0     401408.0       0.49%    2269696.0
60       MFN.r3.Layer_BTNK02.0.path1.0.bn   128  28  28   128  28  28        256.0       0.38         401,408.0         200,704.0    402432.0     401408.0       0.04%     803840.0
61     MFN.r3.Layer_BTNK02.0.path1.0.ReLU   128  28  28   128  28  28          0.0       0.38         100,352.0         100,352.0    401408.0     401408.0       0.04%     802816.0
62     MFN.r3.Layer_BTNK02.0.path1.1.conv   128  28  28   128  28  28     147584.0       0.38     231,211,008.0     115,705,856.0    991744.0     401408.0       0.47%    1393152.0
63       MFN.r3.Layer_BTNK02.0.path1.1.bn   128  28  28   128  28  28        256.0       0.38         401,408.0         200,704.0    402432.0     401408.0       0.05%     803840.0
64     MFN.r3.Layer_BTNK02.0.path1.1.ReLU   128  28  28   128  28  28          0.0       0.38         100,352.0         100,352.0    401408.0     401408.0       0.04%     802816.0
65     MFN.r3.Layer_BTNK02.0.path1.2.conv   128  28  28   512  28  28      66048.0       1.53     102,760,448.0      51,781,632.0    665600.0    1605632.0       0.27%    2271232.0
66       MFN.r3.Layer_BTNK02.0.path1.2.bn   512  28  28   512  28  28       1024.0       1.53       1,605,632.0         802,816.0   1609728.0    1605632.0       0.05%    3215360.0
67     MFN.r3.Layer_BTNK02.0.path1.2.ReLU     0   0   0     0   0   0          0.0       0.00               0.0               0.0         0.0          0.0       0.00%          0.0
68         MFN.r3.Layer_BTNK02.0.CNN.conv   512  28  28   512  28  28     262656.0       1.53     411,041,792.0     205,922,304.0   2656256.0    1605632.0       1.02%    4261888.0
69           MFN.r3.Layer_BTNK02.0.CNN.bn   512  28  28   512  28  28       1024.0       1.53       1,605,632.0         802,816.0   1609728.0    1605632.0       0.05%    3215360.0
70         MFN.r3.Layer_BTNK02.0.CNN.ReLU     0   0   0     0   0   0          0.0       0.00               0.0               0.0         0.0          0.0       0.00%          0.0
71             MFN.r3.Layer_BTNK02.0.ReLU   512  28  28   512  28  28          0.0       1.53         401,408.0         401,408.0   1605632.0    1605632.0       0.13%    3211264.0
72     MFN.r3.Layer_BTNK02.1.path1.0.conv   512  28  28   128  28  28      65664.0       0.38     102,760,448.0      51,480,576.0   1868288.0     401408.0       0.36%    2269696.0
73       MFN.r3.Layer_BTNK02.1.path1.0.bn   128  28  28   128  28  28        256.0       0.38         401,408.0         200,704.0    402432.0     401408.0       0.04%     803840.0
74     MFN.r3.Layer_BTNK02.1.path1.0.ReLU   128  28  28   128  28  28          0.0       0.38         100,352.0         100,352.0    401408.0     401408.0       0.03%     802816.0
75     MFN.r3.Layer_BTNK02.1.path1.1.conv   128  28  28   128  28  28     147584.0       0.38     231,211,008.0     115,705,856.0    991744.0     401408.0       0.44%    1393152.0
76       MFN.r3.Layer_BTNK02.1.path1.1.bn   128  28  28   128  28  28        256.0       0.38         401,408.0         200,704.0    402432.0     401408.0       0.04%     803840.0
77     MFN.r3.Layer_BTNK02.1.path1.1.ReLU   128  28  28   128  28  28          0.0       0.38         100,352.0         100,352.0    401408.0     401408.0       0.04%     802816.0
78     MFN.r3.Layer_BTNK02.1.path1.2.conv   128  28  28   512  28  28      66048.0       1.53     102,760,448.0      51,781,632.0    665600.0    1605632.0       0.28%    2271232.0
79       MFN.r3.Layer_BTNK02.1.path1.2.bn   512  28  28   512  28  28       1024.0       1.53       1,605,632.0         802,816.0   1609728.0    1605632.0       0.13%    3215360.0
80     MFN.r3.Layer_BTNK02.1.path1.2.ReLU     0   0   0     0   0   0          0.0       0.00               0.0               0.0         0.0          0.0       0.00%          0.0
81         MFN.r3.Layer_BTNK02.1.CNN.conv   512  28  28   512  28  28     262656.0       1.53     411,041,792.0     205,922,304.0   2656256.0    1605632.0       0.85%    4261888.0
82           MFN.r3.Layer_BTNK02.1.CNN.bn   512  28  28   512  28  28       1024.0       1.53       1,605,632.0         802,816.0   1609728.0    1605632.0       0.05%    3215360.0
83         MFN.r3.Layer_BTNK02.1.CNN.ReLU     0   0   0     0   0   0          0.0       0.00               0.0               0.0         0.0          0.0       0.00%          0.0
84             MFN.r3.Layer_BTNK02.1.ReLU   512  28  28   512  28  28          0.0       1.53         401,408.0         401,408.0   1605632.0    1605632.0       0.11%    3211264.0
85     MFN.r3.Layer_BTNK02.2.path1.0.conv   512  28  28   128  28  28      65664.0       0.38     102,760,448.0      51,480,576.0   1868288.0     401408.0       0.27%    2269696.0
86       MFN.r3.Layer_BTNK02.2.path1.0.bn   128  28  28   128  28  28        256.0       0.38         401,408.0         200,704.0    402432.0     401408.0       0.05%     803840.0
87     MFN.r3.Layer_BTNK02.2.path1.0.ReLU   128  28  28   128  28  28          0.0       0.38         100,352.0         100,352.0    401408.0     401408.0       0.03%     802816.0
88     MFN.r3.Layer_BTNK02.2.path1.1.conv   128  28  28   128  28  28     147584.0       0.38     231,211,008.0     115,705,856.0    991744.0     401408.0       0.43%    1393152.0
89       MFN.r3.Layer_BTNK02.2.path1.1.bn   128  28  28   128  28  28        256.0       0.38         401,408.0         200,704.0    402432.0     401408.0       0.04%     803840.0
90     MFN.r3.Layer_BTNK02.2.path1.1.ReLU   128  28  28   128  28  28          0.0       0.38         100,352.0         100,352.0    401408.0     401408.0       0.03%     802816.0
91     MFN.r3.Layer_BTNK02.2.path1.2.conv   128  28  28   512  28  28      66048.0       1.53     102,760,448.0      51,781,632.0    665600.0    1605632.0       0.36%    2271232.0
92       MFN.r3.Layer_BTNK02.2.path1.2.bn   512  28  28   512  28  28       1024.0       1.53       1,605,632.0         802,816.0   1609728.0    1605632.0       0.05%    3215360.0
93     MFN.r3.Layer_BTNK02.2.path1.2.ReLU     0   0   0     0   0   0          0.0       0.00               0.0               0.0         0.0          0.0       0.00%          0.0
94         MFN.r3.Layer_BTNK02.2.CNN.conv   512  28  28   512  28  28     262656.0       1.53     411,041,792.0     205,922,304.0   2656256.0    1605632.0       0.96%    4261888.0
95           MFN.r3.Layer_BTNK02.2.CNN.bn   512  28  28   512  28  28       1024.0       1.53       1,605,632.0         802,816.0   1609728.0    1605632.0       0.13%    3215360.0
96         MFN.r3.Layer_BTNK02.2.CNN.ReLU     0   0   0     0   0   0          0.0       0.00               0.0               0.0         0.0          0.0       0.00%          0.0
97             MFN.r3.Layer_BTNK02.2.ReLU   512  28  28   512  28  28          0.0       1.53         401,408.0         401,408.0   1605632.0    1605632.0       0.13%    3211264.0
98                             MFN.r3Pool   512  28  28   512  14  14          0.0       0.38         301,056.0         401,408.0   1605632.0     401408.0       0.20%    2007040.0
99       MFN.r4.Layer_BTNK01.path1.0.conv   512  28  28   256  14  14     131328.0       0.19      51,380,224.0      25,740,288.0   2130944.0     200704.0       0.64%    2331648.0
100        MFN.r4.Layer_BTNK01.path1.0.bn   256  14  14   256  14  14        512.0       0.19         200,704.0         100,352.0    202752.0     200704.0       0.05%     403456.0
101      MFN.r4.Layer_BTNK01.path1.0.ReLU   256  14  14   256  14  14          0.0       0.19          50,176.0          50,176.0    200704.0     200704.0       0.03%     401408.0
102      MFN.r4.Layer_BTNK01.path1.1.conv   256  14  14   256  14  14     590080.0       0.19     231,211,008.0     115,655,680.0   2561024.0     200704.0       0.70%    2761728.0
103        MFN.r4.Layer_BTNK01.path1.1.bn   256  14  14   256  14  14        512.0       0.19         200,704.0         100,352.0    202752.0     200704.0       0.04%     403456.0
104      MFN.r4.Layer_BTNK01.path1.1.ReLU   256  14  14   256  14  14          0.0       0.19          50,176.0          50,176.0    200704.0     200704.0       0.03%     401408.0
105      MFN.r4.Layer_BTNK01.path1.2.conv   256  14  14  1024  14  14     263168.0       0.77     102,760,448.0      51,580,928.0   1253376.0     802816.0       0.52%    2056192.0
106        MFN.r4.Layer_BTNK01.path1.2.bn  1024  14  14  1024  14  14       2048.0       0.77         802,816.0         401,408.0    811008.0     802816.0       0.05%    1613824.0
107      MFN.r4.Layer_BTNK01.path1.2.ReLU     0   0   0     0   0   0          0.0       0.00               0.0               0.0         0.0          0.0       0.00%          0.0
108          MFN.r4.Layer_BTNK01.CNN.conv   512  28  28  1024  14  14     525312.0       0.77     205,520,896.0     102,961,152.0   3706880.0     802816.0       0.72%    4509696.0
109            MFN.r4.Layer_BTNK01.CNN.bn  1024  14  14  1024  14  14       2048.0       0.77         802,816.0         401,408.0    811008.0     802816.0       0.05%    1613824.0
110          MFN.r4.Layer_BTNK01.CNN.ReLU     0   0   0     0   0   0          0.0       0.00               0.0               0.0         0.0          0.0       0.00%          0.0
111              MFN.r4.Layer_BTNK01.ReLU  1024  14  14  1024  14  14          0.0       0.77         200,704.0         200,704.0    802816.0     802816.0       0.05%    1605632.0
112    MFN.r4.Layer_BTNK02.0.path1.0.conv  1024  14  14   256  14  14     262400.0       0.19     102,760,448.0      51,430,400.0   1852416.0     200704.0       0.48%    2053120.0
113      MFN.r4.Layer_BTNK02.0.path1.0.bn   256  14  14   256  14  14        512.0       0.19         200,704.0         100,352.0    202752.0     200704.0       0.05%     403456.0
114    MFN.r4.Layer_BTNK02.0.path1.0.ReLU   256  14  14   256  14  14          0.0       0.19          50,176.0          50,176.0    200704.0     200704.0       0.03%     401408.0
115    MFN.r4.Layer_BTNK02.0.path1.1.conv   256  14  14   256  14  14     590080.0       0.19     231,211,008.0     115,655,680.0   2561024.0     200704.0       0.53%    2761728.0
116      MFN.r4.Layer_BTNK02.0.path1.1.bn   256  14  14   256  14  14        512.0       0.19         200,704.0         100,352.0    202752.0     200704.0       0.04%     403456.0
117    MFN.r4.Layer_BTNK02.0.path1.1.ReLU   256  14  14   256  14  14          0.0       0.19          50,176.0          50,176.0    200704.0     200704.0       0.03%     401408.0
118    MFN.r4.Layer_BTNK02.0.path1.2.conv   256  14  14  1024  14  14     263168.0       0.77     102,760,448.0      51,580,928.0   1253376.0     802816.0       0.31%    2056192.0
119      MFN.r4.Layer_BTNK02.0.path1.2.bn  1024  14  14  1024  14  14       2048.0       0.77         802,816.0         401,408.0    811008.0     802816.0       0.05%    1613824.0
120    MFN.r4.Layer_BTNK02.0.path1.2.ReLU     0   0   0     0   0   0          0.0       0.00               0.0               0.0         0.0          0.0       0.00%          0.0
121        MFN.r4.Layer_BTNK02.0.CNN.conv  1024  14  14  1024  14  14    1049600.0       0.77     411,041,792.0     205,721,600.0   5001216.0     802816.0       1.01%    5804032.0
122          MFN.r4.Layer_BTNK02.0.CNN.bn  1024  14  14  1024  14  14       2048.0       0.77         802,816.0         401,408.0    811008.0     802816.0       0.07%    1613824.0
123        MFN.r4.Layer_BTNK02.0.CNN.ReLU     0   0   0     0   0   0          0.0       0.00               0.0               0.0         0.0          0.0       0.00%          0.0
124            MFN.r4.Layer_BTNK02.0.ReLU  1024  14  14  1024  14  14          0.0       0.77         200,704.0         200,704.0    802816.0     802816.0       0.05%    1605632.0
125    MFN.r4.Layer_BTNK02.1.path1.0.conv  1024  14  14   256  14  14     262400.0       0.19     102,760,448.0      51,430,400.0   1852416.0     200704.0       0.34%    2053120.0
126      MFN.r4.Layer_BTNK02.1.path1.0.bn   256  14  14   256  14  14        512.0       0.19         200,704.0         100,352.0    202752.0     200704.0       0.04%     403456.0
127    MFN.r4.Layer_BTNK02.1.path1.0.ReLU   256  14  14   256  14  14          0.0       0.19          50,176.0          50,176.0    200704.0     200704.0       0.03%     401408.0
128    MFN.r4.Layer_BTNK02.1.path1.1.conv   256  14  14   256  14  14     590080.0       0.19     231,211,008.0     115,655,680.0   2561024.0     200704.0       0.50%    2761728.0
129      MFN.r4.Layer_BTNK02.1.path1.1.bn   256  14  14   256  14  14        512.0       0.19         200,704.0         100,352.0    202752.0     200704.0       0.04%     403456.0
130    MFN.r4.Layer_BTNK02.1.path1.1.ReLU   256  14  14   256  14  14          0.0       0.19          50,176.0          50,176.0    200704.0     200704.0       0.03%     401408.0
131    MFN.r4.Layer_BTNK02.1.path1.2.conv   256  14  14  1024  14  14     263168.0       0.77     102,760,448.0      51,580,928.0   1253376.0     802816.0       0.31%    2056192.0
132      MFN.r4.Layer_BTNK02.1.path1.2.bn  1024  14  14  1024  14  14       2048.0       0.77         802,816.0         401,408.0    811008.0     802816.0       0.04%    1613824.0
133    MFN.r4.Layer_BTNK02.1.path1.2.ReLU     0   0   0     0   0   0          0.0       0.00               0.0               0.0         0.0          0.0       0.00%          0.0
134        MFN.r4.Layer_BTNK02.1.CNN.conv  1024  14  14  1024  14  14    1049600.0       0.77     411,041,792.0     205,721,600.0   5001216.0     802816.0       0.82%    5804032.0
135          MFN.r4.Layer_BTNK02.1.CNN.bn  1024  14  14  1024  14  14       2048.0       0.77         802,816.0         401,408.0    811008.0     802816.0       0.05%    1613824.0
136        MFN.r4.Layer_BTNK02.1.CNN.ReLU     0   0   0     0   0   0          0.0       0.00               0.0               0.0         0.0          0.0       0.00%          0.0
137            MFN.r4.Layer_BTNK02.1.ReLU  1024  14  14  1024  14  14          0.0       0.77         200,704.0         200,704.0    802816.0     802816.0       0.03%    1605632.0
138    MFN.r4.Layer_BTNK02.2.path1.0.conv  1024  14  14   256  14  14     262400.0       0.19     102,760,448.0      51,430,400.0   1852416.0     200704.0       0.29%    2053120.0
139      MFN.r4.Layer_BTNK02.2.path1.0.bn   256  14  14   256  14  14        512.0       0.19         200,704.0         100,352.0    202752.0     200704.0       0.04%     403456.0
140    MFN.r4.Layer_BTNK02.2.path1.0.ReLU   256  14  14   256  14  14          0.0       0.19          50,176.0          50,176.0    200704.0     200704.0       0.03%     401408.0
141    MFN.r4.Layer_BTNK02.2.path1.1.conv   256  14  14   256  14  14     590080.0       0.19     231,211,008.0     115,655,680.0   2561024.0     200704.0       0.50%    2761728.0
142      MFN.r4.Layer_BTNK02.2.path1.1.bn   256  14  14   256  14  14        512.0       0.19         200,704.0         100,352.0    202752.0     200704.0       0.04%     403456.0
143    MFN.r4.Layer_BTNK02.2.path1.1.ReLU   256  14  14   256  14  14          0.0       0.19          50,176.0          50,176.0    200704.0     200704.0       0.03%     401408.0
144    MFN.r4.Layer_BTNK02.2.path1.2.conv   256  14  14  1024  14  14     263168.0       0.77     102,760,448.0      51,580,928.0   1253376.0     802816.0       0.30%    2056192.0
145      MFN.r4.Layer_BTNK02.2.path1.2.bn  1024  14  14  1024  14  14       2048.0       0.77         802,816.0         401,408.0    811008.0     802816.0       0.05%    1613824.0
146    MFN.r4.Layer_BTNK02.2.path1.2.ReLU     0   0   0     0   0   0          0.0       0.00               0.0               0.0         0.0          0.0       0.00%          0.0
147        MFN.r4.Layer_BTNK02.2.CNN.conv  1024  14  14  1024  14  14    1049600.0       0.77     411,041,792.0     205,721,600.0   5001216.0     802816.0       0.95%    5804032.0
148          MFN.r4.Layer_BTNK02.2.CNN.bn  1024  14  14  1024  14  14       2048.0       0.77         802,816.0         401,408.0    811008.0     802816.0       0.05%    1613824.0
149        MFN.r4.Layer_BTNK02.2.CNN.ReLU     0   0   0     0   0   0          0.0       0.00               0.0               0.0         0.0          0.0       0.00%          0.0
150            MFN.r4.Layer_BTNK02.2.ReLU  1024  14  14  1024  14  14          0.0       0.77         200,704.0         200,704.0    802816.0     802816.0       0.03%    1605632.0
151    MFN.r4.Layer_BTNK02.3.path1.0.conv  1024  14  14   256  14  14     262400.0       0.19     102,760,448.0      51,430,400.0   1852416.0     200704.0       0.32%    2053120.0
152      MFN.r4.Layer_BTNK02.3.path1.0.bn   256  14  14   256  14  14        512.0       0.19         200,704.0         100,352.0    202752.0     200704.0       0.05%     403456.0
153    MFN.r4.Layer_BTNK02.3.path1.0.ReLU   256  14  14   256  14  14          0.0       0.19          50,176.0          50,176.0    200704.0     200704.0       0.03%     401408.0
154    MFN.r4.Layer_BTNK02.3.path1.1.conv   256  14  14   256  14  14     590080.0       0.19     231,211,008.0     115,655,680.0   2561024.0     200704.0       0.56%    2761728.0
155      MFN.r4.Layer_BTNK02.3.path1.1.bn   256  14  14   256  14  14        512.0       0.19         200,704.0         100,352.0    202752.0     200704.0       0.04%     403456.0
156    MFN.r4.Layer_BTNK02.3.path1.1.ReLU   256  14  14   256  14  14          0.0       0.19          50,176.0          50,176.0    200704.0     200704.0       0.03%     401408.0
157    MFN.r4.Layer_BTNK02.3.path1.2.conv   256  14  14  1024  14  14     263168.0       0.77     102,760,448.0      51,580,928.0   1253376.0     802816.0       0.29%    2056192.0
158      MFN.r4.Layer_BTNK02.3.path1.2.bn  1024  14  14  1024  14  14       2048.0       0.77         802,816.0         401,408.0    811008.0     802816.0       0.05%    1613824.0
159    MFN.r4.Layer_BTNK02.3.path1.2.ReLU     0   0   0     0   0   0          0.0       0.00               0.0               0.0         0.0          0.0       0.00%          0.0
160        MFN.r4.Layer_BTNK02.3.CNN.conv  1024  14  14  1024  14  14    1049600.0       0.77     411,041,792.0     205,721,600.0   5001216.0     802816.0       1.04%    5804032.0
161          MFN.r4.Layer_BTNK02.3.CNN.bn  1024  14  14  1024  14  14       2048.0       0.77         802,816.0         401,408.0    811008.0     802816.0       0.05%    1613824.0
162        MFN.r4.Layer_BTNK02.3.CNN.ReLU     0   0   0     0   0   0          0.0       0.00               0.0               0.0         0.0          0.0       0.00%          0.0
163            MFN.r4.Layer_BTNK02.3.ReLU  1024  14  14  1024  14  14          0.0       0.77         200,704.0         200,704.0    802816.0     802816.0       0.03%    1605632.0
164    MFN.r4.Layer_BTNK02.4.path1.0.conv  1024  14  14   256  14  14     262400.0       0.19     102,760,448.0      51,430,400.0   1852416.0     200704.0       0.32%    2053120.0
165      MFN.r4.Layer_BTNK02.4.path1.0.bn   256  14  14   256  14  14        512.0       0.19         200,704.0         100,352.0    202752.0     200704.0       0.04%     403456.0
166    MFN.r4.Layer_BTNK02.4.path1.0.ReLU   256  14  14   256  14  14          0.0       0.19          50,176.0          50,176.0    200704.0     200704.0       0.03%     401408.0
167    MFN.r4.Layer_BTNK02.4.path1.1.conv   256  14  14   256  14  14     590080.0       0.19     231,211,008.0     115,655,680.0   2561024.0     200704.0       0.56%    2761728.0
168      MFN.r4.Layer_BTNK02.4.path1.1.bn   256  14  14   256  14  14        512.0       0.19         200,704.0         100,352.0    202752.0     200704.0       0.04%     403456.0
169    MFN.r4.Layer_BTNK02.4.path1.1.ReLU   256  14  14   256  14  14          0.0       0.19          50,176.0          50,176.0    200704.0     200704.0       0.03%     401408.0
170    MFN.r4.Layer_BTNK02.4.path1.2.conv   256  14  14  1024  14  14     263168.0       0.77     102,760,448.0      51,580,928.0   1253376.0     802816.0       0.30%    2056192.0
171      MFN.r4.Layer_BTNK02.4.path1.2.bn  1024  14  14  1024  14  14       2048.0       0.77         802,816.0         401,408.0    811008.0     802816.0       0.05%    1613824.0
172    MFN.r4.Layer_BTNK02.4.path1.2.ReLU     0   0   0     0   0   0          0.0       0.00               0.0               0.0         0.0          0.0       0.00%          0.0
173        MFN.r4.Layer_BTNK02.4.CNN.conv  1024  14  14  1024  14  14    1049600.0       0.77     411,041,792.0     205,721,600.0   5001216.0     802816.0       1.05%    5804032.0
174          MFN.r4.Layer_BTNK02.4.CNN.bn  1024  14  14  1024  14  14       2048.0       0.77         802,816.0         401,408.0    811008.0     802816.0       0.06%    1613824.0
175        MFN.r4.Layer_BTNK02.4.CNN.ReLU     0   0   0     0   0   0          0.0       0.00               0.0               0.0         0.0          0.0       0.00%          0.0
176            MFN.r4.Layer_BTNK02.4.ReLU  1024  14  14  1024  14  14          0.0       0.77         200,704.0         200,704.0    802816.0     802816.0       0.04%    1605632.0
177                            MFN.r4Conv  1024  14  14  1024  14  14    1049600.0       0.77     411,041,792.0     205,721,600.0   5001216.0     802816.0       1.06%    5804032.0
178      MFN.r5.Layer_BTNK01.path1.0.conv  1024  14  14   512   7   7     524800.0       0.10      51,380,224.0      25,715,200.0   2902016.0     100352.0       0.56%    3002368.0
179        MFN.r5.Layer_BTNK01.path1.0.bn   512   7   7   512   7   7       1024.0       0.10         100,352.0          50,176.0    104448.0     100352.0       0.04%     204800.0
180      MFN.r5.Layer_BTNK01.path1.0.ReLU   512   7   7   512   7   7          0.0       0.10          25,088.0          25,088.0    100352.0     100352.0       0.03%     200704.0
181      MFN.r5.Layer_BTNK01.path1.1.conv   512   7   7   512   7   7    2359808.0       0.10     231,211,008.0     115,630,592.0   9539584.0     100352.0       1.22%    9639936.0
182        MFN.r5.Layer_BTNK01.path1.1.bn   512   7   7   512   7   7       1024.0       0.10         100,352.0          50,176.0    104448.0     100352.0       0.05%     204800.0
183      MFN.r5.Layer_BTNK01.path1.1.ReLU   512   7   7   512   7   7          0.0       0.10          25,088.0          25,088.0    100352.0     100352.0       0.03%     200704.0
184      MFN.r5.Layer_BTNK01.path1.2.conv   512   7   7  2048   7   7    1050624.0       0.38     102,760,448.0      51,480,576.0   4302848.0     401408.0       0.71%    4704256.0
185        MFN.r5.Layer_BTNK01.path1.2.bn  2048   7   7  2048   7   7       4096.0       0.38         401,408.0         200,704.0    417792.0     401408.0       0.05%     819200.0
186      MFN.r5.Layer_BTNK01.path1.2.ReLU     0   0   0     0   0   0          0.0       0.00               0.0               0.0         0.0          0.0       0.00%          0.0
187          MFN.r5.Layer_BTNK01.CNN.conv  1024  14  14  2048   7   7    2099200.0       0.38     205,520,896.0     102,860,800.0   9199616.0     401408.0       1.09%    9601024.0
188            MFN.r5.Layer_BTNK01.CNN.bn  2048   7   7  2048   7   7       4096.0       0.38         401,408.0         200,704.0    417792.0     401408.0       0.05%     819200.0
189          MFN.r5.Layer_BTNK01.CNN.ReLU     0   0   0     0   0   0          0.0       0.00               0.0               0.0         0.0          0.0       0.00%          0.0
190              MFN.r5.Layer_BTNK01.ReLU  2048   7   7  2048   7   7          0.0       0.38         100,352.0         100,352.0    401408.0     401408.0       0.03%     802816.0
191    MFN.r5.Layer_BTNK02.0.path1.0.conv  2048   7   7   512   7   7    1049088.0       0.10     102,760,448.0      51,405,312.0   4597760.0     100352.0       0.69%    4698112.0
192      MFN.r5.Layer_BTNK02.0.path1.0.bn   512   7   7   512   7   7       1024.0       0.10         100,352.0          50,176.0    104448.0     100352.0       0.04%     204800.0
193    MFN.r5.Layer_BTNK02.0.path1.0.ReLU   512   7   7   512   7   7          0.0       0.10          25,088.0          25,088.0    100352.0     100352.0       0.03%     200704.0
194    MFN.r5.Layer_BTNK02.0.path1.1.conv   512   7   7   512   7   7    2359808.0       0.10     231,211,008.0     115,630,592.0   9539584.0     100352.0       1.02%    9639936.0
195      MFN.r5.Layer_BTNK02.0.path1.1.bn   512   7   7   512   7   7       1024.0       0.10         100,352.0          50,176.0    104448.0     100352.0       0.04%     204800.0
196    MFN.r5.Layer_BTNK02.0.path1.1.ReLU   512   7   7   512   7   7          0.0       0.10          25,088.0          25,088.0    100352.0     100352.0       0.03%     200704.0
197    MFN.r5.Layer_BTNK02.0.path1.2.conv   512   7   7  2048   7   7    1050624.0       0.38     102,760,448.0      51,480,576.0   4302848.0     401408.0       0.55%    4704256.0
198      MFN.r5.Layer_BTNK02.0.path1.2.bn  2048   7   7  2048   7   7       4096.0       0.38         401,408.0         200,704.0    417792.0     401408.0       0.05%     819200.0
199    MFN.r5.Layer_BTNK02.0.path1.2.ReLU     0   0   0     0   0   0          0.0       0.00               0.0               0.0         0.0          0.0       0.00%          0.0
200        MFN.r5.Layer_BTNK02.0.CNN.conv  2048   7   7  2048   7   7    4196352.0       0.38     411,041,792.0     205,621,248.0  17186816.0     401408.0       2.34%   17588224.0
201          MFN.r5.Layer_BTNK02.0.CNN.bn  2048   7   7  2048   7   7       4096.0       0.38         401,408.0         200,704.0    417792.0     401408.0       0.06%     819200.0
202        MFN.r5.Layer_BTNK02.0.CNN.ReLU     0   0   0     0   0   0          0.0       0.00               0.0               0.0         0.0          0.0       0.00%          0.0
203            MFN.r5.Layer_BTNK02.0.ReLU  2048   7   7  2048   7   7          0.0       0.38         100,352.0         100,352.0    401408.0     401408.0       0.04%     802816.0
204    MFN.r5.Layer_BTNK02.1.path1.0.conv  2048   7   7   512   7   7    1049088.0       0.10     102,760,448.0      51,405,312.0   4597760.0     100352.0       0.64%    4698112.0
205      MFN.r5.Layer_BTNK02.1.path1.0.bn   512   7   7   512   7   7       1024.0       0.10         100,352.0          50,176.0    104448.0     100352.0       0.05%     204800.0
206    MFN.r5.Layer_BTNK02.1.path1.0.ReLU   512   7   7   512   7   7          0.0       0.10          25,088.0          25,088.0    100352.0     100352.0       0.03%     200704.0
207    MFN.r5.Layer_BTNK02.1.path1.1.conv   512   7   7   512   7   7    2359808.0       0.10     231,211,008.0     115,630,592.0   9539584.0     100352.0       0.99%    9639936.0
208      MFN.r5.Layer_BTNK02.1.path1.1.bn   512   7   7   512   7   7       1024.0       0.10         100,352.0          50,176.0    104448.0     100352.0       0.05%     204800.0
209    MFN.r5.Layer_BTNK02.1.path1.1.ReLU   512   7   7   512   7   7          0.0       0.10          25,088.0          25,088.0    100352.0     100352.0       0.03%     200704.0
210    MFN.r5.Layer_BTNK02.1.path1.2.conv   512   7   7  2048   7   7    1050624.0       0.38     102,760,448.0      51,480,576.0   4302848.0     401408.0       0.52%    4704256.0
211      MFN.r5.Layer_BTNK02.1.path1.2.bn  2048   7   7  2048   7   7       4096.0       0.38         401,408.0         200,704.0    417792.0     401408.0       0.06%     819200.0
212    MFN.r5.Layer_BTNK02.1.path1.2.ReLU     0   0   0     0   0   0          0.0       0.00               0.0               0.0         0.0          0.0       0.00%          0.0
213        MFN.r5.Layer_BTNK02.1.CNN.conv  2048   7   7  2048   7   7    4196352.0       0.38     411,041,792.0     205,621,248.0  17186816.0     401408.0       2.10%   17588224.0
214          MFN.r5.Layer_BTNK02.1.CNN.bn  2048   7   7  2048   7   7       4096.0       0.38         401,408.0         200,704.0    417792.0     401408.0       0.08%     819200.0
215        MFN.r5.Layer_BTNK02.1.CNN.ReLU     0   0   0     0   0   0          0.0       0.00               0.0               0.0         0.0          0.0       0.00%          0.0
216            MFN.r5.Layer_BTNK02.1.ReLU  2048   7   7  2048   7   7          0.0       0.38         100,352.0         100,352.0    401408.0     401408.0       0.04%     802816.0
217                          MFN.r5Conv.0  2048   7   7  2048  14  14   67110912.0       1.53   6,576,668,672.0               0.0         0.0          0.0      24.81%          0.0
218                          MFN.r5Conv.1  2048  14  14  2048  14  14    4196352.0       1.53   1,644,167,168.0     822,484,992.0  18391040.0    1605632.0       3.66%   19996672.0
219                               RPN.cnn  3840  14  14   512  14  14   17695232.0       0.38   6,936,330,240.0   3,468,265,472.0  73791488.0     401408.0      15.24%   74192896.0
220                   RPN.rpn_objcls_pred   512  14  14    24  14  14      12312.0       0.02       4,816,896.0       2,413,152.0    450656.0      18816.0       0.29%     469472.0
221                      RPN.rpn_box_pred   512  14  14    48  14  14      24624.0       0.04       9,633,792.0       4,826,304.0    499904.0      37632.0       0.35%     537536.0
222                              RPN.ReLU   512  14  14   512  14  14          0.0       0.38         100,352.0         100,352.0    401408.0     401408.0       0.05%     802816.0
223                           RPN.softmax    24  14  14    24  14  14          0.0       0.02          14,111.0               0.0         0.0          0.0       0.08%          0.0
total                                                                  129452360.0     153.01  29,478,263,583.0  11,471,251,232.0         0.0          0.0     100.00%  575164832.0
===================================================================================================================================================================================
Total params: 129,452,360
-----------------------------------------------------------------------------------------------------------------------------------------------------------------------------------
Total memory: 153.01MB
Total MAdd: 29.48GMAdd
Total Flops: 11.47GFlops
Total MemR+W: 548.52MB

